 monthly discharge of river Neva to the Baltic Sea (BED data, zero salinity and BSH climatol. temp.)
  252
  11
 read(io) yy,mm,dd,hh,mm,ss,period(days),transport(cm**3/s),temperature,salinity,a,n,po,fl,di,ba,z,d,o2
1970  2 1 0 0 0 31.0000 .2086E+10   .0 0.0  4.2   5.7   .15   .38   .38 .1 .01   .76 1.0 jan
1970  3 1 0 0 0 28.2425 .1949E+10   .0 0.0  5.2   5.9   .16   .27   .27 .1 .01   .54 1.0 feb
1970  4 1 0 0 0 31.0000 .2370E+10   .0 0.0  6.3   5.7   .18   .21   .21 .1 .01   .42 1.0 mar
1970  5 1 0 0 0 30.0000 .3182E+10  5.9 0.0  4.8   9.6   .16   .31   .31 .1 .01   .62 1.0 apr
1970  6 1 0 0 0 31.0000 .3725E+10  6.0 0.0  3.9   5.3   .12   .31   .31 .1 .01   .62 1.0 may
1970  7 1 0 0 0 30.0000 .3171E+10 10.0 0.0  3.5   3.1   .07   .22   .22 .1 .01   .44 1.0 jun
1970  8 1 0 0 0 31.0000 .3129E+10 17.5 0.0  3.5   2.7   .07   .26   .26 .1 .01   .53 1.0 jul
1970  9 1 0 0 0 31.0000 .3049E+10 17.5 0.0  3.5   3.1   .06   .20   .20 .1 .01   .40 1.0 aug
1970 10 1 0 0 0 30.0000 .2715E+10 11.8 0.0  3.5   3.2   .06   .26   .26 .1 .01   .52 1.0 sep
1970 11 1 0 0 0 31.0000 .2792E+10  8.1 0.0  3.5   3.9   .08   .21   .21 .1 .01   .41 1.0 oct
1970 12 1 0 0 0 30.0000 .2513E+10  3.0 0.0  3.6   5.5   .13   .20   .20 .1 .01   .41 1.0 nov
1971  1 1 0 0 0 31.0000 .1803E+10   .0 0.0  3.5   5.9   .13   .19   .19 .1 .01   .38 1.0 dec
1971  2 1 0 0 0 31.0000 .2008E+10   .0 0.0  4.4   6.3   .16   .41   .41 .1 .01   .83 1.0 jan
1971  3 1 0 0 0 28.2425 .1925E+10   .0 0.0  5.2   6.5   .17   .33   .33 .1 .01   .65 1.0 feb
1971  4 1 0 0 0 31.0000 .1928E+10   .0 0.0  5.9   6.5   .17   .31   .31 .1 .01   .61 1.0 mar
1971  5 1 0 0 0 30.0000 .3214E+10  5.9 0.0  4.5   7.7   .16   .26   .26 .1 .01   .52 1.0 apr
1971  6 1 0 0 0 31.0000 .3499E+10  6.0 0.0  3.7   4.2   .10   .23   .23 .1 .01   .46 1.0 may
1971  7 1 0 0 0 30.0000 .3267E+10 10.0 0.0  3.5   3.0   .07   .21   .21 .1 .01   .41 1.0 jun
1971  8 1 0 0 0 31.0000 .3241E+10 17.5 0.0  3.5   2.7   .07   .26   .26 .1 .01   .53 1.0 jul
1971  9 1 0 0 0 31.0000 .3171E+10 17.5 0.0  3.7   3.2   .06   .22   .22 .1 .01   .44 1.0 aug
1971 10 1 0 0 0 30.0000 .2872E+10 11.8 0.0  3.5   3.1   .06   .27   .27 .1 .01   .53 1.0 sep
1971 11 1 0 0 0 31.0000 .2945E+10  8.1 0.0  3.4   3.6   .07   .18   .18 .1 .01   .36 1.0 oct
1971 12 1 0 0 0 30.0000 .2513E+10  3.0 0.0  3.4   4.6   .11   .15   .15 .1 .01   .31 1.0 nov
1972  1 1 0 0 0 31.0000 .2294E+10   .0 0.0  3.4   5.4   .12   .15   .15 .1 .01   .31 1.0 dec
1972  2 1 0 0 0 31.0000 .1822E+10   .0 0.0  4.2   5.7   .14   .37   .37 .1 .01   .75 1.0 jan
1972  3 1 0 0 0 28.2425 .1936E+10   .0 0.0  5.1   5.7   .16   .26   .26 .1 .01   .51 1.0 feb
1972  4 1 0 0 0 31.0000 .2125E+10   .0 0.0  6.3   5.7   .18   .21   .21 .1 .01   .42 1.0 mar
1972  5 1 0 0 0 30.0000 .2807E+10  5.9 0.0  4.7   7.0   .16   .31   .31 .1 .01   .63 1.0 apr
1972  6 1 0 0 0 31.0000 .3112E+10  6.0 0.0  3.9   4.2   .11   .24   .24 .1 .01   .48 1.0 may
1972  7 1 0 0 0 30.0000 .2756E+10 10.0 0.0  3.6   3.1   .07   .23   .23 .1 .01   .45 1.0 jun
1972  8 1 0 0 0 31.0000 .2671E+10 17.5 0.0  3.5   2.7   .07   .28   .28 .1 .01   .56 1.0 jul
1972  9 1 0 0 0 31.0000 .2520E+10 17.5 0.0  3.5   3.2   .07   .24   .24 .1 .01   .49 1.0 aug
1972 10 1 0 0 0 30.0000 .2366E+10 11.8 0.0  3.5   3.3   .07   .29   .29 .1 .01   .58 1.0 sep
1972 11 1 0 0 0 31.0000 .2309E+10  8.1 0.0  3.4   3.7   .08   .22   .22 .1 .01   .44 1.0 oct
1972 12 1 0 0 0 30.0000 .2146E+10  3.0 0.0  3.6   5.5   .13   .21   .21 .1 .01   .41 1.0 nov
1973  1 1 0 0 0 31.0000 .2290E+10   .0 0.0  3.7   6.4   .14   .20   .20 .1 .01   .41 1.0 dec
1973  2 1 0 0 0 31.0000 .1167E+10   .0 0.0  3.6   5.7   .14   .43   .43 .1 .01   .86 1.0 jan
1973  3 1 0 0 0 28.2425 .1236E+10   .0 0.0  4.8   6.2   .15   .37   .37 .1 .01   .73 1.0 feb
1973  4 1 0 0 0 31.0000 .1487E+10   .0 0.0  5.8   6.4   .18   .27   .27 .1 .01   .53 1.0 mar
1973  5 1 0 0 0 30.0000 .2352E+10  5.9 0.0  4.4   7.6   .15   .27   .27 .1 .01   .54 1.0 apr
1973  6 1 0 0 0 31.0000 .2690E+10  6.0 0.0  3.8   4.6   .11   .26   .26 .1 .01   .52 1.0 may
1973  7 1 0 0 0 30.0000 .2341E+10 10.0 0.0  3.6   3.1   .07   .23   .23 .1 .01   .46 1.0 jun
1973  8 1 0 0 0 31.0000 .2276E+10 17.5 0.0  3.5   2.7   .07   .28   .28 .1 .01   .56 1.0 jul
1973  9 1 0 0 0 31.0000 .2132E+10 17.5 0.0  3.5   3.0   .07   .22   .22 .1 .01   .43 1.0 aug
1973 10 1 0 0 0 30.0000 .1985E+10 11.8 0.0  3.5   3.2   .07   .27   .27 .1 .01   .54 1.0 sep
1973 11 1 0 0 0 31.0000 .2069E+10  8.1 0.0  3.5   4.0   .09   .23   .23 .1 .01   .47 1.0 oct
1973 12 1 0 0 0 30.0000 .1824E+10  3.0 0.0  3.3   4.7   .12   .20   .20 .1 .01   .40 1.0 nov
1974  1 1 0 0 0 31.0000 .1272E+10   .0 0.0  3.3   5.7   .12   .21   .21 .1 .01   .42 1.0 dec
1974  2 1 0 0 0 31.0000 .1337E+10   .0 0.0  4.1   6.2   .15   .39   .39 .1 .01   .78 1.0 jan
1974  3 1 0 0 0 28.2425 .1489E+10   .0 0.0  5.2   7.2   .17   .29   .29 .1 .01   .57 1.0 feb
1974  4 1 0 0 0 31.0000 .2063E+10   .0 0.0  6.2   6.6   .18   .27   .27 .1 .01   .54 1.0 mar
1974  5 1 0 0 0 30.0000 .2562E+10  5.9 0.0  4.3   8.1   .14   .28   .28 .1 .01   .55 1.0 apr
1974  6 1 0 0 0 31.0000 .2798E+10  6.0 0.0  3.7   4.6   .10   .26   .26 .1 .01   .51 1.0 may
1974  7 1 0 0 0 30.0000 .2537E+10 10.0 0.0  3.6   3.2   .07   .21   .21 .1 .01   .43 1.0 jun
1974  8 1 0 0 0 31.0000 .2687E+10 17.5 0.0  3.6   2.8   .07   .29   .29 .1 .01   .59 1.0 jul
1974  9 1 0 0 0 31.0000 .2793E+10 17.5 0.0  3.4   3.1   .06   .24   .24 .1 .01   .48 1.0 aug
1974 10 1 0 0 0 30.0000 .2666E+10 11.8 0.0  3.3   3.2   .06   .32   .32 .1 .01   .64 1.0 sep
1974 11 1 0 0 0 31.0000 .3227E+10  8.1 0.0  3.2   4.4   .09   .30   .30 .1 .01   .61 1.0 oct
1974 12 1 0 0 0 30.0000 .3135E+10  3.0 0.0  3.2   5.5   .12   .28   .28 .1 .01   .55 1.0 nov
1975  1 1 0 0 0 31.0000 .3428E+10   .0 0.0  3.3   6.1   .13   .23   .23 .1 .01   .46 1.0 dec
1975  2 1 0 0 0 31.0000 .2958E+10   .0 0.0  3.9   7.0   .14   .40   .40 .1 .01   .80 1.0 jan
1975  3 1 0 0 0 28.2425 .2512E+10   .0 0.0  4.5   6.0   .14   .27   .27 .1 .01   .53 1.0 feb
1975  4 1 0 0 0 31.0000 .3148E+10   .0 0.0  5.8   6.6   .17   .25   .25 .1 .01   .50 1.0 mar
1975  5 1 0 0 0 30.0000 .3757E+10  5.9 0.0  4.2   6.9   .14   .25   .25 .1 .01   .50 1.0 apr
1975  6 1 0 0 0 31.0000 .3875E+10  6.0 0.0  3.7   4.2   .10   .24   .24 .1 .01   .48 1.0 may
1975  7 1 0 0 0 30.0000 .3519E+10 10.0 0.0  3.5   3.1   .07   .21   .21 .1 .01   .42 1.0 jun
1975  8 1 0 0 0 31.0000 .3526E+10 17.5 0.0  3.4   2.7   .06   .28   .28 .1 .01   .56 1.0 jul
1975  9 1 0 0 0 31.0000 .3246E+10 17.5 0.0  3.6   3.1   .06   .20   .20 .1 .01   .41 1.0 aug
1975 10 1 0 0 0 30.0000 .2809E+10 11.8 0.0  3.6   3.2   .06   .26   .26 .1 .01   .51 1.0 sep
1975 11 1 0 0 0 31.0000 .2841E+10  8.1 0.0  3.5   3.7   .07   .17   .17 .1 .01   .34 1.0 oct
1975 12 1 0 0 0 30.0000 .2301E+10  3.0 0.0  3.5   4.5   .12   .14   .14 .1 .01   .28 1.0 nov
1976  1 1 0 0 0 31.0000 .1574E+10   .0 0.0  3.5   5.5   .13   .16   .16 .1 .01   .32 1.0 dec
1976  2 1 0 0 0 31.0000 .1481E+10   .0 0.0  4.3   6.2   .15   .39   .39 .1 .01   .78 1.0 jan
1976  3 1 0 0 0 28.2425 .1519E+10   .0 0.0  5.1   6.0   .16   .28   .28 .1 .01   .56 1.0 feb
1976  4 1 0 0 0 31.0000 .1649E+10   .0 0.0  6.3   6.2   .18   .23   .23 .1 .01   .45 1.0 mar
1976  5 1 0 0 0 30.0000 .2350E+10  5.9 0.0  5.0   7.7   .15   .30   .30 .1 .01   .59 1.0 apr
1976  6 1 0 0 0 31.0000 .3055E+10  6.0 0.0  4.0   4.7   .11   .24   .24 .1 .01   .48 1.0 may
1976  7 1 0 0 0 30.0000 .2862E+10 10.0 0.0  3.8   3.3   .07   .19   .19 .1 .01   .38 1.0 jun
1976  8 1 0 0 0 31.0000 .3025E+10 17.5 0.0  3.6   2.8   .07   .27   .27 .1 .01   .54 1.0 jul
1976  9 1 0 0 0 31.0000 .3015E+10 17.5 0.0  3.6   3.2   .06   .19   .19 .1 .01   .39 1.0 aug
1976 10 1 0 0 0 30.0000 .2795E+10 11.8 0.0  3.7   3.3   .06   .26   .26 .1 .01   .52 1.0 sep
1976 11 1 0 0 0 31.0000 .2866E+10  8.1 0.0  3.6   3.7   .07   .18   .18 .1 .01   .35 1.0 oct
1976 12 1 0 0 0 30.0000 .2519E+10  3.0 0.0  3.6   4.6   .12   .15   .15 .1 .01   .29 1.0 nov
1977  1 1 0 0 0 31.0000 .2105E+10   .0 0.0  3.6   5.5   .13   .16   .16 .1 .01   .31 1.0 dec
1977  2 1 0 0 0 31.0000 .1553E+10   .0 0.0  4.5   5.6   .14   .39   .39 .1 .01   .78 1.0 jan
1977  3 1 0 0 0 28.2425 .1876E+10   .0 0.0  5.4   5.8   .17   .26   .26 .1 .01   .52 1.0 feb
1977  4 1 0 0 0 31.0000 .2073E+10   .0 0.0  6.5   7.2   .18   .27   .27 .1 .01   .54 1.0 mar
1977  5 1 0 0 0 30.0000 .2995E+10  5.9 0.0  4.4  11.3   .15   .36   .36 .1 .01   .73 1.0 apr
1977  6 1 0 0 0 31.0000 .3408E+10  6.0 0.0  3.7   5.2   .11   .26   .26 .1 .01   .52 1.0 may
1977  7 1 0 0 0 30.0000 .3110E+10 10.0 0.0  3.4   3.3   .07   .21   .21 .1 .01   .42 1.0 jun
1977  8 1 0 0 0 31.0000 .3204E+10 17.5 0.0  3.3   3.0   .07   .32   .32 .1 .01   .64 1.0 jul
1977  9 1 0 0 0 31.0000 .3138E+10 17.5 0.0  3.4   3.4   .07   .24   .24 .1 .01   .48 1.0 aug
1977 10 1 0 0 0 30.0000 .2739E+10 11.8 0.0  3.5   3.5   .07   .27   .27 .1 .01   .54 1.0 sep
1977 11 1 0 0 0 31.0000 .3074E+10  8.1 0.0  3.4   4.3   .08   .22   .22 .1 .01   .44 1.0 oct
1977 12 1 0 0 0 30.0000 .3103E+10  3.0 0.0  3.5   5.8   .12   .24   .24 .1 .01   .47 1.0 nov
1978  1 1 0 0 0 31.0000 .2080E+10   .0 0.0  3.3   6.2   .12   .19   .19 .1 .01   .38 1.0 dec
1978  2 1 0 0 0 31.0000 .1862E+10   .0 0.0  4.1   6.6   .14   .38   .38 .1 .01   .76 1.0 jan
1978  3 1 0 0 0 28.2425 .2031E+10   .0 0.0  5.2   6.2   .16   .26   .26 .1 .01   .52 1.0 feb
1978  4 1 0 0 0 31.0000 .2331E+10   .0 0.0  6.3   7.6   .19   .27   .27 .1 .01   .54 1.0 mar
1978  5 1 0 0 0 30.0000 .3357E+10  5.9 0.0  4.3   8.6   .18   .30   .30 .1 .01   .60 1.0 apr
1978  6 1 0 0 0 31.0000 .3505E+10  6.0 0.0  3.8   5.8   .10   .31   .31 .1 .01   .63 1.0 may
1978  7 1 0 0 0 30.0000 .3046E+10 10.0 0.0  3.7   3.6   .07   .21   .21 .1 .01   .42 1.0 jun
1978  8 1 0 0 0 31.0000 .3091E+10 17.5 0.0  3.6   2.9   .07   .27   .27 .1 .01   .55 1.0 jul
1978  9 1 0 0 0 31.0000 .3025E+10 17.5 0.0  3.6   3.5   .07   .24   .24 .1 .01   .47 1.0 aug
1978 10 1 0 0 0 30.0000 .2968E+10 11.8 0.0  3.6   4.5   .07   .34   .34 .1 .01   .68 1.0 sep
1978 11 1 0 0 0 31.0000 .3020E+10  8.1 0.0  3.6   5.5   .08   .27   .27 .1 .01   .54 1.0 oct
1978 12 1 0 0 0 30.0000 .2873E+10  3.0 0.0  3.6   6.6   .12   .22   .22 .1 .01   .45 1.0 nov
1979  1 1 0 0 0 31.0000 .1842E+10   .0 0.0  3.6   6.1   .12   .17   .17 .1 .01   .34 1.0 dec
1979  2 1 0 0 0 31.0000 .1766E+10   .0 0.0  4.3   6.4   .14   .36   .36 .1 .01   .73 1.0 jan
1979  3 1 0 0 0 28.2425 .1773E+10   .0 0.0  4.3   6.1   .14   .32   .32 .1 .01   .65 1.0 feb
1979  4 1 0 0 0 31.0000 .2167E+10   .0 0.0  4.4   6.2   .13   .39   .39 .1 .01   .78 1.0 mar
1979  5 1 0 0 0 30.0000 .3076E+10  5.9 0.0  4.8   9.3   .13   .33   .33 .1 .01   .67 1.0 apr
1979  6 1 0 0 0 31.0000 .3360E+10  6.0 0.0  4.2   5.5   .09   .28   .28 .1 .01   .56 1.0 may
1979  7 1 0 0 0 30.0000 .2940E+10 10.0 0.0  4.1   3.2   .07   .17   .17 .1 .01   .33 1.0 jun
1979  8 1 0 0 0 31.0000 .2454E+10 17.5 0.0  3.9   3.3   .07   .25   .25 .1 .01   .51 1.0 jul
1979  9 1 0 0 0 31.0000 .3053E+10 17.5 0.0  3.7   3.0   .05   .22   .22 .1 .01   .44 1.0 aug
1979 10 1 0 0 0 30.0000 .2755E+10 11.8 0.0  3.5   3.6   .06   .25   .25 .1 .01   .51 1.0 sep
1979 11 1 0 0 0 31.0000 .2910E+10  8.1 0.0  3.5   4.2   .08   .14   .14 .1 .01   .29 1.0 oct
1979 12 1 0 0 0 30.0000 .2643E+10  3.0 0.0  4.2   5.3   .15   .11   .11 .1 .01   .22 1.0 nov
1980  1 1 0 0 0 31.0000 .2160E+10   .0 0.0  4.4   6.4   .21   .13   .13 .1 .01   .26 1.0 dec
1980  2 1 0 0 0 31.0000 .1887E+10   .0 0.0  5.0   5.7   .27   .33   .33 .1 .01   .66 1.0 jan
1980  3 1 0 0 0 28.2425 .1728E+10   .0 0.0  5.8   5.6   .35   .23   .23 .1 .01   .46 1.0 feb
1980  4 1 0 0 0 31.0000 .1977E+10   .0 0.0  5.4   5.6   .36   .28   .28 .1 .01   .55 1.0 mar
1980  5 1 0 0 0 30.0000 .2764E+10  5.9 0.0  3.6   8.9   .27   .38   .38 .1 .01   .76 1.0 apr
1980  6 1 0 0 0 31.0000 .3139E+10  6.0 0.0  1.4   4.1   .16   .47   .47 .1 .01   .94 1.0 may
1980  7 1 0 0 0 30.0000 .2791E+10 10.0 0.0   .9   2.8   .10   .44   .44 .1 .01   .89 1.0 jun
1980  8 1 0 0 0 31.0000 .2844E+10 17.5 0.0   .8   2.3   .05   .54   .54 .1 .01  1.08 1.0 jul
1980  9 1 0 0 0 31.0000 .2767E+10 17.5 0.0  1.1   2.2   .02   .55   .55 .1 .01  1.10 1.0 aug
1980 10 1 0 0 0 30.0000 .2597E+10 11.8 0.0  2.1   3.7   .02   .53   .53 .1 .01  1.07 1.0 sep
1980 11 1 0 0 0 31.0000 .2858E+10  8.1 0.0  3.1   5.6   .03   .38   .38 .1 .01   .77 1.0 oct
1980 12 1 0 0 0 30.0000 .2673E+10  3.0 0.0  3.7   6.9   .07   .26   .26 .1 .01   .52 1.0 nov
1981  1 1 0 0 0 31.0000 .2032E+10   .0 0.0  3.8   8.9   .11   .20   .20 .1 .01   .40 1.0 dec
1981  2 1 0 0 0 31.0000 .1811E+10   .0 0.0  4.3   9.1   .16   .36   .36 .1 .01   .73 1.0 jan
1981  3 1 0 0 0 28.2425 .1994E+10   .0 0.0  4.7   8.3   .22   .23   .23 .1 .01   .45 1.0 feb
1981  4 1 0 0 0 31.0000 .2247E+10   .0 0.0  4.9   9.5   .26   .23   .23 .1 .01   .46 1.0 mar
1981  5 1 0 0 0 30.0000 .3195E+10  5.9 0.0  3.5   8.7   .19   .27   .27 .1 .01   .54 1.0 apr
1981  6 1 0 0 0 31.0000 .3580E+10  6.0 0.0  1.2   3.7   .06   .51   .51 .1 .01  1.03 1.0 may
1981  7 1 0 0 0 30.0000 .3429E+10 10.0 0.0   .5   2.7   .03   .49   .49 .1 .01   .99 1.0 jun
1981  8 1 0 0 0 31.0000 .3705E+10 17.5 0.0  1.1   2.6   .04   .48   .48 .1 .01   .96 1.0 jul
1981  9 1 0 0 0 31.0000 .3710E+10 17.5 0.0   .8   2.9   .02   .44   .44 .1 .01   .87 1.0 aug
1981 10 1 0 0 0 30.0000 .3424E+10 11.8 0.0   .8   3.2   .03   .50   .50 .1 .01  1.00 1.0 sep
1981 11 1 0 0 0 31.0000 .3790E+10  8.1 0.0  1.1   5.5   .08   .35   .35 .1 .01   .71 1.0 oct
1981 12 1 0 0 0 30.0000 .3757E+10  3.0 0.0  1.2   7.4   .12   .27   .27 .1 .01   .55 1.0 nov
1982  1 1 0 0 0 31.0000 .2783E+10   .0 0.0   .9   6.8   .10   .28   .28 .1 .01   .56 1.0 dec
1982  2 1 0 0 0 31.0000 .2406E+10   .0 0.0   .7   6.4   .09   .60   .60 .1 .01  1.21 1.0 jan
1982  3 1 0 0 0 28.2425 .2535E+10   .0 0.0  1.0   5.8   .10   .57   .57 .1 .01  1.13 1.0 feb
1982  4 1 0 0 0 31.0000 .3029E+10   .0 0.0  1.8   7.3   .12   .57   .57 .1 .01  1.14 1.0 mar
1982  5 1 0 0 0 30.0000 .4125E+10  5.9 0.0  1.2   7.6   .11   .48   .48 .1 .01   .95 1.0 apr
1982  6 1 0 0 0 31.0000 .4425E+10  6.0 0.0   .5   4.3   .08   .48   .48 .1 .01   .97 1.0 may
1982  7 1 0 0 0 30.0000 .4122E+10 10.0 0.0   .6   3.0   .03   .40   .40 .1 .01   .81 1.0 jun
1982  8 1 0 0 0 31.0000 .4286E+10 17.5 0.0   .5   2.4   .02   .42   .42 .1 .01   .83 1.0 jul
1982  9 1 0 0 0 31.0000 .3980E+10 17.5 0.0  1.4   2.1   .06   .31   .31 .1 .01   .61 1.0 aug
1982 10 1 0 0 0 30.0000 .3566E+10 11.8 0.0  1.1   2.5   .02   .49   .49 .1 .01   .99 1.0 sep
1982 11 1 0 0 0 31.0000 .3630E+10  8.1 0.0   .7   3.8   .03   .48   .48 .1 .01   .95 1.0 oct
1982 12 1 0 0 0 30.0000 .3299E+10  3.0 0.0   .7   5.0   .07   .46   .46 .1 .01   .92 1.0 nov
1983  1 1 0 0 0 31.0000 .3564E+10   .0 0.0   .7   5.1   .09   .45   .45 .1 .01   .91 1.0 dec
1983  2 1 0 0 0 31.0000 .2679E+10   .0 0.0   .8   6.3   .11   .78   .78 .1 .01  1.55 1.0 jan
1983  3 1 0 0 0 28.2425 .2251E+10   .0 0.0   .9   5.7   .11   .76   .76 .1 .01  1.52 1.0 feb
1983  4 1 0 0 0 31.0000 .2334E+10   .0 0.0  3.5   6.7   .25   .53   .53 .1 .01  1.05 1.0 mar
1983  5 1 0 0 0 30.0000 .3912E+10  5.9 0.0  3.5   7.9   .27   .34   .34 .1 .01   .68 1.0 apr
1983  6 1 0 0 0 31.0000 .3956E+10  6.0 0.0  1.5   4.4   .12   .46   .46 .1 .01   .91 1.0 may
1983  7 1 0 0 0 30.0000 .3602E+10 10.0 0.0   .1   3.2   .01   .55   .55 .1 .01  1.09 1.0 jun
1983  8 1 0 0 0 31.0000 .3633E+10 17.5 0.0   .1   2.4   .01   .61   .61 .1 .01  1.22 1.0 jul
1983  9 1 0 0 0 31.0000 .3381E+10 17.5 0.0   .3   2.4   .03   .55   .55 .1 .01  1.10 1.0 aug
1983 10 1 0 0 0 30.0000 .2803E+10 11.8 0.0   .7   3.3   .02   .54   .54 .1 .01  1.08 1.0 sep
1983 11 1 0 0 0 31.0000 .3161E+10  8.1 0.0   .6   3.4   .02   .53   .53 .1 .01  1.05 1.0 oct
1983 12 1 0 0 0 30.0000 .2826E+10  3.0 0.0   .5   4.3   .04   .50   .50 .1 .01  1.01 1.0 nov
1984  1 1 0 0 0 31.0000 .1850E+10   .0 0.0   .5   5.8   .07   .48   .48 .1 .01   .95 1.0 dec
1984  2 1 0 0 0 31.0000 .1830E+10   .0 0.0   .6   7.2   .09   .81   .81 .1 .01  1.62 1.0 jan
1984  3 1 0 0 0 28.2425 .1791E+10   .0 0.0   .4   6.2   .11   .72   .72 .1 .01  1.43 1.0 feb
1984  4 1 0 0 0 31.0000 .2419E+10   .0 0.0   .3   6.1   .11   .74   .74 .1 .01  1.48 1.0 mar
1984  5 1 0 0 0 30.0000 .3823E+10  5.9 0.0   .9   8.4   .10   .62   .62 .1 .01  1.23 1.0 apr
1984  6 1 0 0 0 31.0000 .4280E+10  6.0 0.0   .3   4.0   .02   .57   .57 .1 .01  1.13 1.0 may
1984  7 1 0 0 0 30.0000 .3807E+10 10.0 0.0   .7   3.2   .01   .51   .51 .1 .01  1.02 1.0 jun
1984  8 1 0 0 0 31.0000 .3897E+10 17.5 0.0   .7   3.5   .02   .54   .54 .1 .01  1.08 1.0 jul
1984  9 1 0 0 0 31.0000 .3640E+10 17.5 0.0   .4   3.1   .03   .55   .55 .1 .01  1.11 1.0 aug
1984 10 1 0 0 0 30.0000 .3239E+10 11.8 0.0   .7   2.8   .06   .66   .66 .1 .01  1.32 1.0 sep
1984 11 1 0 0 0 31.0000 .3643E+10  8.1 0.0   .3   4.7   .04   .60   .60 .1 .01  1.21 1.0 oct
1984 12 1 0 0 0 30.0000 .3434E+10  3.0 0.0   .2   4.9   .06   .53   .53 .1 .01  1.07 1.0 nov
1985  1 1 0 0 0 31.0000 .2984E+10   .0 0.0   .2   5.2   .07   .50   .50 .1 .01   .99 1.0 dec
1985  2 1 0 0 0 31.0000 .1973E+10   .0 0.0  5.0   5.8   .12   .44   .44 .1 .01   .87 1.0 jan
1985  3 1 0 0 0 28.2425 .2125E+10   .0 0.0  6.4   6.4   .15   .27   .27 .1 .01   .53 1.0 feb
1985  4 1 0 0 0 31.0000 .2119E+10   .0 0.0  7.2   7.2   .16   .18   .18 .1 .01   .36 1.0 mar
1985  5 1 0 0 0 30.0000 .3041E+10  5.9 0.0  2.8  11.8   .12   .65   .65 .1 .01  1.29 1.0 apr
1985  6 1 0 0 0 31.0000 .3684E+10  6.0 0.0  2.1   7.1   .07   .62   .62 .1 .01  1.24 1.0 may
1985  7 1 0 0 0 30.0000 .3231E+10 10.0 0.0  1.9   4.1   .03   .49   .49 .1 .01   .97 1.0 jun
1985  8 1 0 0 0 31.0000 .3324E+10 17.5 0.0   .9   3.3   .01   .63   .63 .1 .01  1.26 1.0 jul
1985  9 1 0 0 0 31.0000 .3235E+10 17.5 0.0   .4   4.1   .01   .58   .58 .1 .01  1.16 1.0 aug
1985 10 1 0 0 0 30.0000 .3007E+10 11.8 0.0   .3   4.0   .01   .67   .67 .1 .01  1.35 1.0 sep
1985 11 1 0 0 0 31.0000 .3183E+10  8.1 0.0   .2   4.4   .02   .67   .67 .1 .01  1.33 1.0 oct
1985 12 1 0 0 0 30.0000 .2970E+10  3.0 0.0   .6   6.1   .09   .62   .62 .1 .01  1.23 1.0 nov
1986  1 1 0 0 0 31.0000 .1861E+10   .0 0.0  1.2   7.8   .15   .47   .47 .1 .01   .95 1.0 dec
1986  2 1 0 0 0 31.0000 .1847E+10   .0 0.0  1.7   7.5   .21   .70   .70 .1 .01  1.40 1.0 jan
1986  3 1 0 0 0 28.2425 .1727E+10   .0 0.0  2.1   7.9   .26   .55   .55 .1 .01  1.11 1.0 feb
1986  4 1 0 0 0 31.0000 .2273E+10   .0 0.0  2.1   8.4   .28   .65   .65 .1 .01  1.30 1.0 mar
1986  5 1 0 0 0 30.0000 .3441E+10  5.9 0.0  1.7  11.8   .27   .70   .70 .1 .01  1.40 1.0 apr
1986  6 1 0 0 0 31.0000 .3614E+10  6.0 0.0   .9   5.6   .24   .70   .70 .1 .01  1.39 1.0 may
1986  7 1 0 0 0 30.0000 .3307E+10 10.0 0.0   .3   2.7   .21   .71   .71 .1 .01  1.42 1.0 jun
1986  8 1 0 0 0 31.0000 .3344E+10 17.5 0.0   .2   2.7   .21   .74   .74 .1 .01  1.49 1.0 jul
1986  9 1 0 0 0 31.0000 .3187E+10 17.5 0.0   .2   3.3   .22   .66   .66 .1 .01  1.33 1.0 aug
1986 10 1 0 0 0 30.0000 .3056E+10 11.8 0.0   .2   4.2   .22   .70   .70 .1 .01  1.39 1.0 sep
1986 11 1 0 0 0 31.0000 .3238E+10  8.1 0.0   .2   4.3   .25   .68   .68 .1 .01  1.36 1.0 oct
1986 12 1 0 0 0 30.0000 .3183E+10  3.0 0.0   .3   3.8   .31   .85   .85 .1 .01  1.70 1.0 nov
1987  1 1 0 0 0 31.0000 .2410E+10   .0 0.0   .4   3.8   .26   .77   .77 .1 .01  1.54 1.0 dec
1987  2 1 0 0 0 31.0000 .2059E+10   .0 0.0  1.4   6.4   .11   .75   .75 .1 .01  1.50 1.0 jan
1987  3 1 0 0 0 28.2425 .2035E+10   .0 0.0  2.3   6.6   .12   .65   .65 .1 .01  1.31 1.0 feb
1987  4 1 0 0 0 31.0000 .2228E+10   .0 0.0  3.2   6.5   .14   .59   .59 .1 .01  1.18 1.0 mar
1987  5 1 0 0 0 30.0000 .3116E+10  5.9 0.0  1.6   8.7   .12   .62   .62 .1 .01  1.24 1.0 apr
1987  6 1 0 0 0 31.0000 .3517E+10  6.0 0.0  1.1   5.9   .08   .69   .69 .1 .01  1.38 1.0 may
1987  7 1 0 0 0 30.0000 .3459E+10 10.0 0.0   .8   4.4   .04   .70   .70 .1 .01  1.40 1.0 jun
1987  8 1 0 0 0 31.0000 .3756E+10 17.5 0.0   .6   3.6   .07   .68   .68 .1 .01  1.37 1.0 jul
1987  9 1 0 0 0 31.0000 .3891E+10 17.5 0.0   .8   3.8   .04   .64   .64 .1 .01  1.28 1.0 aug
1987 10 1 0 0 0 30.0000 .3818E+10 11.8 0.0  1.4   3.8   .05   .69   .69 .1 .01  1.37 1.0 sep
1987 11 1 0 0 0 31.0000 .4069E+10  8.1 0.0   .4   5.1   .04   .59   .59 .1 .01  1.18 1.0 oct
1987 12 1 0 0 0 30.0000 .3395E+10  3.0 0.0   .3   5.4   .05   .59   .59 .1 .01  1.19 1.0 nov
1988  1 1 0 0 0 31.0000 .2523E+10   .0 0.0   .4   6.1   .05   .60   .60 .1 .01  1.20 1.0 dec
1988  2 1 0 0 0 31.0000 .2679E+10   .0 0.0  1.2   8.1   .13   .66   .66 .1 .01  1.33 1.0 jan
1988  3 1 0 0 0 28.2425 .2689E+10   .0 0.0  2.1   6.9   .15   .54   .54 .1 .01  1.09 1.0 feb
1988  4 1 0 0 0 31.0000 .2868E+10   .0 0.0  3.0   6.5   .16   .49   .49 .1 .01   .98 1.0 mar
1988  5 1 0 0 0 30.0000 .3995E+10  5.9 0.0   .8   6.8   .11   .60   .60 .1 .01  1.20 1.0 apr
1988  6 1 0 0 0 31.0000 .4219E+10  6.0 0.0   .5   4.5   .09   .56   .56 .1 .01  1.13 1.0 may
1988  7 1 0 0 0 30.0000 .3839E+10 10.0 0.0   .4   4.0   .07   .51   .51 .1 .01  1.01 1.0 jun
1988  8 1 0 0 0 31.0000 .3908E+10 17.5 0.0   .4   4.1   .07   .65   .65 .1 .01  1.30 1.0 jul
1988  9 1 0 0 0 31.0000 .3738E+10 17.5 0.0   .4   4.3   .05   .65   .65 .1 .01  1.29 1.0 aug
1988 10 1 0 0 0 30.0000 .3458E+10 11.8 0.0   .4   4.4   .05   .59   .59 .1 .01  1.17 1.0 sep
1988 11 1 0 0 0 31.0000 .3707E+10  8.1 0.0   .3   4.7   .07   .51   .51 .1 .01  1.01 1.0 oct
1988 12 1 0 0 0 30.0000 .2978E+10  3.0 0.0   .2   5.4   .10   .47   .47 .1 .01   .94 1.0 nov
1989  1 1 0 0 0 31.0000 .1979E+10   .0 0.0   .3   6.6   .11   .46   .46 .1 .01   .92 1.0 dec
1989  2 1 0 0 0 31.0000 .2392E+10   .0 0.0  1.3   9.0   .13   .41   .41 .1 .01   .82 1.0 jan
1989  3 1 0 0 0 28.2425 .2692E+10   .0 0.0  2.3   8.8   .15   .30   .30 .1 .01   .60 1.0 feb
1989  4 1 0 0 0 31.0000 .4041E+10   .0 0.0  3.2   8.2   .16   .25   .25 .1 .01   .50 1.0 mar
1989  5 1 0 0 0 30.0000 .3919E+10  5.9 0.0   .9   5.4   .02   .26   .26 .1 .01   .51 1.0 apr
1989  6 1 0 0 0 31.0000 .4201E+10  6.0 0.0   .9   4.1   .01   .17   .17 .1 .01   .34 1.0 may
1989  7 1 0 0 0 30.0000 .3858E+10 10.0 0.0   .8   4.0   .02   .13   .13 .1 .01   .26 1.0 jun
1989  8 1 0 0 0 31.0000 .3903E+10 17.5 0.0   .7   4.2   .04   .15   .15 .1 .01   .31 1.0 jul
1989  9 1 0 0 0 31.0000 .3673E+10 17.5 0.0   .7   4.4   .06   .11   .11 .1 .01   .23 1.0 aug
1989 10 1 0 0 0 30.0000 .3175E+10 11.8 0.0   .4   3.8   .08   .22   .22 .1 .01   .44 1.0 sep
1989 11 1 0 0 0 31.0000 .3209E+10  8.1 0.0   .2   3.6   .10   .13   .13 .1 .01   .26 1.0 oct
1989 12 1 0 0 0 30.0000 .2919E+10  3.0 0.0   .2   4.2   .10   .18   .18 .1 .01   .36 1.0 nov
1990  1 1 0 0 0 31.0000 .2039E+10   .0 0.0   .3   5.8   .10   .22   .22 .1 .01   .44 1.0 dec
1990  2 1 0 0 0 31.0000 .1865E+10   .0 0.0  1.0  10.3   .12   .53   .53 .1 .01  1.07 1.0 jan
1990  3 1 0 0 0 28.2425 .2519E+10   .0 0.0  2.0  11.4   .15   .47   .47 .1 .01   .93 1.0 feb
1990  4 1 0 0 0 31.0000 .3950E+10   .0 0.0  3.0   9.5   .15   .40   .40 .1 .01   .79 1.0 mar
1990  5 1 0 0 0 30.0000 .3706E+10  5.9 0.0   .3   5.4   .10   .29   .29 .1 .01   .58 1.0 apr
1990  6 1 0 0 0 31.0000 .3841E+10  6.0 0.0   .2   3.7   .07   .30   .30 .1 .01   .59 1.0 may
1990  7 1 0 0 0 30.0000 .3508E+10 10.0 0.0   .2   3.0   .04   .29   .29 .1 .01   .58 1.0 jun
1990  8 1 0 0 0 31.0000 .3564E+10 17.5 0.0   .2   2.7   .04   .37   .37 .1 .01   .74 1.0 jul
1990  9 1 0 0 0 31.0000 .3354E+10 17.5 0.0   .2   3.2   .03   .32   .32 .1 .01   .63 1.0 aug
1990 10 1 0 0 0 30.0000 .3057E+10 11.8 0.0   .2   3.6   .03   .38   .38 .1 .01   .75 1.0 sep
1990 11 1 0 0 0 31.0000 .3272E+10  8.1 0.0   .2   5.8   .05   .36   .36 .1 .01   .72 1.0 oct
1990 12 1 0 0 0 30.0000 .3200E+10  3.0 0.0   .3   7.4   .09   .34   .34 .1 .01   .68 1.0 nov
1991  1 1 0 0 0 31.0000 .2468E+10   .0 0.0   .3   7.4   .10   .28   .28 .1 .01   .56 1.0 dec
